(kicad_pcb (version 20160815) (host pcbnew "(2016-12-18 revision 3ffa37c)-master")

  (general
    (links 129)
    (no_connects 101)
    (area 49.899999 138.399999 110.100001 151.600001)
    (thickness 1.6)
    (drawings 38)
    (tracks 19)
    (zones 0)
    (modules 50)
    (nets 29)
  )

  (page A4)
  (layers
    (0 F.Cu signal)
    (31 B.Cu signal)
    (32 B.Adhes user)
    (33 F.Adhes user)
    (34 B.Paste user)
    (35 F.Paste user)
    (36 B.SilkS user)
    (37 F.SilkS user)
    (38 B.Mask user)
    (39 F.Mask user)
    (40 Dwgs.User user)
    (41 Cmts.User user)
    (42 Eco1.User user)
    (43 Eco2.User user)
    (44 Edge.Cuts user)
    (45 Margin user)
    (46 B.CrtYd user)
    (47 F.CrtYd user)
    (48 B.Fab user hide)
    (49 F.Fab user hide)
  )

  (setup
    (last_trace_width 0.13)
    (trace_clearance 0.13)
    (zone_clearance 0.408)
    (zone_45_only no)
    (trace_min 0.13)
    (segment_width 0.2)
    (edge_width 0.2)
    (via_size 0.4)
    (via_drill 0.3)
    (via_min_size 0.15)
    (via_min_drill 0.3)
    (uvia_size 0.3)
    (uvia_drill 0.1)
    (uvias_allowed no)
    (uvia_min_size 0.2)
    (uvia_min_drill 0.1)
    (pcb_text_width 0.3)
    (pcb_text_size 1.5 1.5)
    (mod_edge_width 0.15)
    (mod_text_size 1 1)
    (mod_text_width 0.15)
    (pad_size 0.15 0.15)
    (pad_drill 0.1)
    (pad_to_mask_clearance 0.2)
    (aux_axis_origin 0 0)
    (visible_elements FFFFFF7F)
    (pcbplotparams
      (layerselection 0x010fc_ffffffff)
      (usegerberextensions false)
      (excludeedgelayer true)
      (linewidth 0.100000)
      (plotframeref false)
      (viasonmask false)
      (mode 1)
      (useauxorigin false)
      (hpglpennumber 1)
      (hpglpenspeed 20)
      (hpglpendiameter 15)
      (psnegative false)
      (psa4output false)
      (plotreference true)
      (plotvalue true)
      (plotinvisibletext false)
      (padsonsilk false)
      (subtractmaskfromsilk false)
      (outputformat 1)
      (mirror false)
      (drillshape 0)
      (scaleselection 1)
      (outputdirectory gerber_files/))
  )

  (net 0 "")
  (net 1 RESET_n)
  (net 2 GND)
  (net 3 +3V3)
  (net 4 BTN_MAIN)
  (net 5 BTN_AUX)
  (net 6 +5V)
  (net 7 LED0)
  (net 8 "Net-(D2-Pad2)")
  (net 9 "Net-(D3-Pad2)")
  (net 10 LED1)
  (net 11 MODE_2)
  (net 12 MODE_1)
  (net 13 MODE_0)
  (net 14 SDA)
  (net 15 SCL)
  (net 16 SWDIO)
  (net 17 SWD-SWCLK)
  (net 18 SWD-SWO)
  (net 19 "Net-(P1-Pad6)")
  (net 20 "Net-(C4-Pad1)")
  (net 21 +3.3VA)
  (net 22 "Net-(C3-Pad1)")
  (net 23 BREV-1)
  (net 24 BREV-0)
  (net 25 /USB_p)
  (net 26 /USB_n)
  (net 27 /test_pin)
  (net 28 /boot)

  (net_class Default "This is the default net class."
    (clearance 0.13)
    (trace_width 0.13)
    (via_dia 0.4)
    (via_drill 0.3)
    (uvia_dia 0.3)
    (uvia_drill 0.1)
    (diff_pair_gap 0.25)
    (diff_pair_width 0.2)
    (add_net +3.3VA)
    (add_net /USB_n)
    (add_net /USB_p)
    (add_net /boot)
    (add_net /test_pin)
    (add_net BREV-0)
    (add_net BREV-1)
    (add_net BTN_AUX)
    (add_net BTN_MAIN)
    (add_net LED0)
    (add_net LED1)
    (add_net MODE_0)
    (add_net MODE_1)
    (add_net MODE_2)
    (add_net "Net-(C3-Pad1)")
    (add_net "Net-(C4-Pad1)")
    (add_net "Net-(D2-Pad2)")
    (add_net "Net-(D3-Pad2)")
    (add_net "Net-(P1-Pad6)")
    (add_net RESET_n)
    (add_net SCL)
    (add_net SDA)
    (add_net SWD-SWCLK)
    (add_net SWD-SWO)
    (add_net SWDIO)
  )

  (net_class power ""
    (clearance 0.17)
    (trace_width 0.26)
    (via_dia 0.6)
    (via_drill 0.45)
    (uvia_dia 0.3)
    (uvia_drill 0.1)
    (diff_pair_gap 0.25)
    (diff_pair_width 0.2)
    (add_net +3V3)
    (add_net +5V)
    (add_net GND)
  )

  (module Resistors_SMD:R_0402 (layer F.Cu) (tedit 58D206D7) (tstamp 58CE1E04)
    (at 99.822 135.636 135)
    (descr "Resistor SMD 0402, reflow soldering, Vishay (see dcrcw.pdf)")
    (tags "resistor 0402")
    (path /58CAF82A)
    (attr smd)
    (fp_text reference R3 (at -1.317767 0.070711 -135) (layer F.SilkS)
      (effects (font (size 0.5 0.5) (thickness 0.075)))
    )
    (fp_text value 4K7 (at 0 1.8 135) (layer F.Fab)
      (effects (font (size 1 1) (thickness 0.15)))
    )
    (fp_line (start -0.25 0.525) (end 0.25 0.525) (layer F.SilkS) (width 0.15))
    (fp_line (start 0.25 -0.525) (end -0.25 -0.525) (layer F.SilkS) (width 0.15))
    (fp_line (start 0.95 -0.65) (end 0.95 0.65) (layer F.CrtYd) (width 0.05))
    (fp_line (start -0.95 -0.65) (end -0.95 0.65) (layer F.CrtYd) (width 0.05))
    (fp_line (start -0.95 0.65) (end 0.95 0.65) (layer F.CrtYd) (width 0.05))
    (fp_line (start -0.95 -0.65) (end 0.95 -0.65) (layer F.CrtYd) (width 0.05))
    (pad 2 smd rect (at 0.45 0 135) (size 0.4 0.6) (layers F.Cu F.Paste F.Mask)
      (net 2 GND))
    (pad 1 smd rect (at -0.45 0 135) (size 0.4 0.6) (layers F.Cu F.Paste F.Mask)
      (net 28 /boot))
    (model Resistors_SMD.3dshapes/R_0402.wrl
      (at (xyz 0 0 0))
      (scale (xyz 1 1 1))
      (rotate (xyz 0 0 0))
    )
  )

  (module Pin_Headers:Pin_Header_Straight_2x05_Pitch1.27mm (layer F.Cu) (tedit 58CEBB34) (tstamp 58CE1DE6)
    (at 102.008077 143.918077 225)
    (descr "Through hole pin header, pitch 1.27mm")
    (tags "pin header")
    (path /58C8D76F)
    (fp_text reference J3 (at -0.070711 -1.490509 45) (layer F.SilkS)
      (effects (font (size 0.5 0.5) (thickness 0.075)))
    )
    (fp_text value JTAG (at 0 6.9 225) (layer F.Fab)
      (effects (font (size 1 1) (thickness 0.15)))
    )
    (fp_line (start 2.1 -0.8) (end 1.3 -0.8) (layer F.SilkS) (width 0.15))
    (fp_line (start 2.1 5.85) (end 2.1 -0.8) (layer F.SilkS) (width 0.15))
    (fp_line (start 2.1 5.85) (end -0.85 5.85) (layer F.SilkS) (width 0.15))
    (fp_line (start -1.1 -1.050001) (end -1.1 6.1) (layer F.CrtYd) (width 0.05))
    (fp_line (start 2.35 -1.05) (end 2.35 6.099999) (layer F.CrtYd) (width 0.05))
    (fp_line (start -1.1 -1.050001) (end 2.35 -1.05) (layer F.CrtYd) (width 0.05))
    (fp_line (start -1.1 6.1) (end 2.35 6.099999) (layer F.CrtYd) (width 0.05))
    (fp_line (start -0.85 5.85) (end -0.85 1.3) (layer F.SilkS) (width 0.15))
    (fp_line (start 0.5 -0.8) (end -0.85 -0.8) (layer F.SilkS) (width 0.15))
    (fp_line (start -0.85 -0.8) (end -0.85 0.5) (layer F.SilkS) (width 0.15))
    (pad 1 thru_hole rect (at 0 0 225) (size 1.05 1.05) (drill 0.65) (layers *.Cu *.Mask F.SilkS)
      (net 3 +3V3))
    (pad 3 thru_hole circle (at 0 1.270001 225) (size 1.05 1.05) (drill 0.65) (layers *.Cu *.Mask F.SilkS)
      (net 2 GND))
    (pad 5 thru_hole circle (at 0 2.54 225) (size 1.05 1.05) (drill 0.65) (layers *.Cu *.Mask F.SilkS)
      (net 2 GND))
    (pad 7 thru_hole circle (at 0 3.81 225) (size 1.05 1.05) (drill 0.65) (layers *.Cu *.Mask F.SilkS))
    (pad 9 thru_hole circle (at 0 5.079999 225) (size 1.05 1.05) (drill 0.65) (layers *.Cu *.Mask F.SilkS)
      (net 2 GND))
    (pad 4 thru_hole circle (at 1.27 1.27 225) (size 1.05 1.05) (drill 0.65) (layers *.Cu *.Mask F.SilkS)
      (net 17 SWD-SWCLK))
    (pad 6 thru_hole circle (at 1.27 2.54 225) (size 1.05 1.05) (drill 0.65) (layers *.Cu *.Mask F.SilkS)
      (net 18 SWD-SWO))
    (pad 8 thru_hole circle (at 1.27 3.81 225) (size 1.05 1.05) (drill 0.65) (layers *.Cu *.Mask F.SilkS))
    (pad 10 thru_hole circle (at 1.27 5.08 225) (size 1.05 1.05) (drill 0.65) (layers *.Cu *.Mask F.SilkS)
      (net 1 RESET_n))
    (pad 2 thru_hole circle (at 1.270001 0 225) (size 1.05 1.05) (drill 0.65) (layers *.Cu *.Mask F.SilkS)
      (net 16 SWDIO))
  )

  (module Capacitors_SMD:C_0402 (layer B.Cu) (tedit 58D4A1F6) (tstamp 58CE1D8B)
    (at 112.776 149.818 270)
    (descr "Capacitor SMD 0402, reflow soldering, AVX (see smccp.pdf)")
    (tags "capacitor 0402")
    (path /58CE099C)
    (attr smd)
    (fp_text reference C11 (at -0.075 -1.175 270) (layer B.SilkS)
      (effects (font (size 0.5 0.5) (thickness 0.075)) (justify mirror))
    )
    (fp_text value "1 uF" (at 0 -1.7 270) (layer B.Fab)
      (effects (font (size 1 1) (thickness 0.15)) (justify mirror))
    )
    (fp_line (start -1.15 0.6) (end 1.15 0.6) (layer B.CrtYd) (width 0.05))
    (fp_line (start -1.15 -0.6) (end 1.15 -0.6) (layer B.CrtYd) (width 0.05))
    (fp_line (start -1.15 0.6) (end -1.15 -0.6) (layer B.CrtYd) (width 0.05))
    (fp_line (start 1.15 0.6) (end 1.15 -0.6) (layer B.CrtYd) (width 0.05))
    (fp_line (start 0.25 0.475) (end -0.25 0.475) (layer B.SilkS) (width 0.15))
    (fp_line (start -0.25 -0.475) (end 0.25 -0.475) (layer B.SilkS) (width 0.15))
    (pad 1 smd rect (at -0.55 0 270) (size 0.6 0.5) (layers B.Cu B.Paste B.Mask)
      (net 6 +5V))
    (pad 2 smd rect (at 0.55 0 270) (size 0.6 0.5) (layers B.Cu B.Paste B.Mask)
      (net 2 GND))
    (model Capacitors_SMD.3dshapes/C_0402.wrl
      (at (xyz 0 0 0))
      (scale (xyz 1 1 1))
      (rotate (xyz 0 0 0))
    )
  )

  (module TylerCustom:2013499-1 (layer F.Cu) (tedit 58CDE93F) (tstamp 58CDE695)
    (at 108.5 145 90)
    (path /58C8D089)
    (fp_text reference P1 (at 4.675 0 180) (layer F.SilkS)
      (effects (font (size 0.5 0.5) (thickness 0.075)))
    )
    (fp_text value USB_PROC (at -1.35 2.75 270) (layer F.Fab)
      (effects (font (size 1 1) (thickness 0.15)))
    )
    (fp_line (start -3.8 -3) (end -3.8 1.7) (layer F.SilkS) (width 0.15))
    (fp_line (start 3.8 1.7) (end 3.8 -3) (layer F.SilkS) (width 0.15))
    (fp_line (start 3.8 -3) (end -3.8 -3) (layer F.SilkS) (width 0.15))
    (fp_line (start -5 1.45) (end 5 1.45) (layer Cmts.User) (width 0.1))
    (pad 5 smd rect (at 1.3 -2.675 90) (size 0.4 1.35) (layers F.Cu F.Paste F.Mask)
      (net 2 GND))
    (pad 4 smd rect (at 0.65 -2.675 90) (size 0.4 1.35) (layers F.Cu F.Paste F.Mask))
    (pad 1 smd rect (at -1.3 -2.675 90) (size 0.4 1.35) (layers F.Cu F.Paste F.Mask)
      (net 6 +5V))
    (pad 2 smd rect (at -0.65 -2.675 90) (size 0.4 1.35) (layers F.Cu F.Paste F.Mask)
      (net 26 /USB_n))
    (pad 6 smd rect (at -3.2 -2.45 90) (size 1.6 1.4) (layers F.Cu F.Paste F.Mask)
      (net 19 "Net-(P1-Pad6)"))
    (pad 6 smd rect (at -1.2 0 90) (size 1.9 1.9) (layers F.Cu F.Paste F.Mask)
      (net 19 "Net-(P1-Pad6)"))
    (pad 6 thru_hole oval (at -3.255 -0.2 90) (size 1.12 2) (drill oval 0.72 1.5) (layers *.Cu *.Mask F.SilkS)
      (net 19 "Net-(P1-Pad6)"))
    (pad 6 thru_hole oval (at 3.255 -0.2 90) (size 1.12 2) (drill oval 0.72 1.5) (layers *.Cu *.Mask F.SilkS)
      (net 19 "Net-(P1-Pad6)"))
    (pad 6 smd rect (at 1.2 0 90) (size 1.9 1.9) (layers F.Cu F.Paste F.Mask)
      (net 19 "Net-(P1-Pad6)"))
    (pad 6 smd rect (at 3.2 -2.45 90) (size 1.6 1.4) (layers F.Cu F.Paste F.Mask)
      (net 19 "Net-(P1-Pad6)"))
    (pad 3 smd rect (at 0 -2.675 90) (size 0.4 1.35) (layers F.Cu F.Paste F.Mask)
      (net 25 /USB_p))
    (model /Users/tholmes/resources/KiCadCustomFootprints/c-2013499-1-e-3d.wrl
      (at (xyz 0 -0.1 0.05))
      (scale (xyz 0.3937 0.3937 0.3937))
      (rotate (xyz -90 0 0))
    )
  )

  (module Resistors_SMD:R_0402 (layer F.Cu) (tedit 58CEBBAF) (tstamp 58CE1E13)
    (at 91.948 156.522 270)
    (descr "Resistor SMD 0402, reflow soldering, Vishay (see dcrcw.pdf)")
    (tags "resistor 0402")
    (path /58C8D998)
    (attr smd)
    (fp_text reference R6 (at 1.45 0 270) (layer F.SilkS)
      (effects (font (size 0.5 0.5) (thickness 0.075)))
    )
    (fp_text value 330R (at 0 1.8 270) (layer F.Fab)
      (effects (font (size 1 1) (thickness 0.15)))
    )
    (fp_line (start -0.25 0.525) (end 0.25 0.525) (layer F.SilkS) (width 0.15))
    (fp_line (start 0.25 -0.525) (end -0.25 -0.525) (layer F.SilkS) (width 0.15))
    (fp_line (start 0.95 -0.65) (end 0.95 0.65) (layer F.CrtYd) (width 0.05))
    (fp_line (start -0.95 -0.65) (end -0.95 0.65) (layer F.CrtYd) (width 0.05))
    (fp_line (start -0.95 0.65) (end 0.95 0.65) (layer F.CrtYd) (width 0.05))
    (fp_line (start -0.95 -0.65) (end 0.95 -0.65) (layer F.CrtYd) (width 0.05))
    (pad 2 smd rect (at 0.45 0 270) (size 0.4 0.6) (layers F.Cu F.Paste F.Mask)
      (net 9 "Net-(D3-Pad2)"))
    (pad 1 smd rect (at -0.45 0 270) (size 0.4 0.6) (layers F.Cu F.Paste F.Mask)
      (net 3 +3V3))
    (model Resistors_SMD.3dshapes/R_0402.wrl
      (at (xyz 0 0 0))
      (scale (xyz 1 1 1))
      (rotate (xyz 0 0 0))
    )
  )

  (module Housings_DFN_QFN:QFN-32-1EP_5x5mm_Pitch0.5mm (layer F.Cu) (tedit 58D7288A) (tstamp 58CDE773)
    (at 94.742 145.288 315)
    (descr "UH Package; 32-Lead Plastic QFN (5mm x 5mm); (see Linear Technology QFN_32_05-08-1693.pdf)")
    (tags "QFN 0.5")
    (path /58C8C717)
    (attr smd)
    (fp_text reference U1 (at -3.394113 -0.424264 45) (layer F.SilkS)
      (effects (font (size 0.5 0.5) (thickness 0.075)))
    )
    (fp_text value STM32F302x6/8 (at 0 -4.500001 315) (layer F.Fab)
      (effects (font (size 1 1) (thickness 0.15)))
    )
    (fp_line (start -3 -3) (end -3 3) (layer F.CrtYd) (width 0.05))
    (fp_line (start 3 -3) (end 3 3) (layer F.CrtYd) (width 0.05))
    (fp_line (start -3 -3) (end 3 -3) (layer F.CrtYd) (width 0.05))
    (fp_line (start -3 3) (end 3 3) (layer F.CrtYd) (width 0.05))
    (fp_line (start 2.625 -2.625) (end 2.625 -2.1) (layer F.SilkS) (width 0.15))
    (fp_line (start -2.625 2.625) (end -2.625 2.1) (layer F.SilkS) (width 0.15))
    (fp_line (start 2.625 2.625) (end 2.625 2.1) (layer F.SilkS) (width 0.15))
    (fp_line (start -2.625 -2.625) (end -2.1 -2.625) (layer F.SilkS) (width 0.15))
    (fp_line (start -2.625 2.625) (end -2.1 2.625) (layer F.SilkS) (width 0.15))
    (fp_line (start 2.625 2.625) (end 2.1 2.625) (layer F.SilkS) (width 0.15))
    (fp_line (start 2.625 -2.625) (end 2.1 -2.625) (layer F.SilkS) (width 0.15))
    (pad 1 smd rect (at -2.4 -1.75 315) (size 0.7 0.25) (layers F.Cu F.Paste F.Mask)
      (net 3 +3V3))
    (pad 2 smd rect (at -2.4 -1.25 315) (size 0.7 0.25) (layers F.Cu F.Paste F.Mask)
      (net 14 SDA))
    (pad 3 smd rect (at -2.4 -0.75 315) (size 0.7 0.25) (layers F.Cu F.Paste F.Mask)
      (net 15 SCL))
    (pad 4 smd rect (at -2.4 -0.25 315) (size 0.7 0.25) (layers F.Cu F.Paste F.Mask)
      (net 1 RESET_n))
    (pad 5 smd rect (at -2.4 0.25 315) (size 0.7 0.25) (layers F.Cu F.Paste F.Mask)
      (net 21 +3.3VA))
    (pad 6 smd rect (at -2.4 0.75 315) (size 0.7 0.25) (layers F.Cu F.Paste F.Mask)
      (net 2 GND))
    (pad 7 smd rect (at -2.4 1.25 315) (size 0.7 0.25) (layers F.Cu F.Paste F.Mask))
    (pad 8 smd rect (at -2.4 1.75 315) (size 0.7 0.25) (layers F.Cu F.Paste F.Mask)
      (net 13 MODE_0))
    (pad 9 smd rect (at -1.75 2.4 45) (size 0.7 0.25) (layers F.Cu F.Paste F.Mask)
      (net 12 MODE_1))
    (pad 10 smd rect (at -1.25 2.4 45) (size 0.7 0.25) (layers F.Cu F.Paste F.Mask)
      (net 11 MODE_2))
    (pad 11 smd rect (at -0.75 2.4 45) (size 0.7 0.25) (layers F.Cu F.Paste F.Mask)
      (net 5 BTN_AUX))
    (pad 12 smd rect (at -0.25 2.4 45) (size 0.7 0.25) (layers F.Cu F.Paste F.Mask)
      (net 4 BTN_MAIN))
    (pad 13 smd rect (at 0.25 2.4 45) (size 0.7 0.25) (layers F.Cu F.Paste F.Mask)
      (net 7 LED0))
    (pad 14 smd rect (at 0.75 2.4 45) (size 0.7 0.25) (layers F.Cu F.Paste F.Mask)
      (net 10 LED1))
    (pad 15 smd rect (at 1.25 2.4 45) (size 0.7 0.25) (layers F.Cu F.Paste F.Mask))
    (pad 16 smd rect (at 1.75 2.4 45) (size 0.7 0.25) (layers F.Cu F.Paste F.Mask)
      (net 2 GND))
    (pad 17 smd rect (at 2.4 1.75 315) (size 0.7 0.25) (layers F.Cu F.Paste F.Mask)
      (net 3 +3V3))
    (pad 18 smd rect (at 2.4 1.25 315) (size 0.7 0.25) (layers F.Cu F.Paste F.Mask)
      (net 27 /test_pin))
    (pad 19 smd rect (at 2.4 0.75 315) (size 0.7 0.25) (layers F.Cu F.Paste F.Mask))
    (pad 20 smd rect (at 2.4 0.25 315) (size 0.7 0.25) (layers F.Cu F.Paste F.Mask))
    (pad 21 smd rect (at 2.4 -0.25 315) (size 0.7 0.25) (layers F.Cu F.Paste F.Mask)
      (net 26 /USB_n))
    (pad 22 smd rect (at 2.4 -0.75 315) (size 0.7 0.25) (layers F.Cu F.Paste F.Mask)
      (net 25 /USB_p))
    (pad 23 smd rect (at 2.4 -1.25 315) (size 0.7 0.25) (layers F.Cu F.Paste F.Mask)
      (net 16 SWDIO))
    (pad 24 smd rect (at 2.4 -1.75 315) (size 0.7 0.25) (layers F.Cu F.Paste F.Mask)
      (net 17 SWD-SWCLK))
    (pad 25 smd rect (at 1.75 -2.4 45) (size 0.7 0.25) (layers F.Cu F.Paste F.Mask))
    (pad 26 smd rect (at 1.25 -2.4 45) (size 0.7 0.25) (layers F.Cu F.Paste F.Mask)
      (net 18 SWD-SWO))
    (pad 27 smd rect (at 0.75 -2.4 45) (size 0.7 0.25) (layers F.Cu F.Paste F.Mask))
    (pad 28 smd rect (at 0.25 -2.4 45) (size 0.7 0.25) (layers F.Cu F.Paste F.Mask))
    (pad 29 smd rect (at -0.25 -2.4 45) (size 0.7 0.25) (layers F.Cu F.Paste F.Mask)
      (net 24 BREV-0))
    (pad 30 smd rect (at -0.75 -2.4 45) (size 0.7 0.25) (layers F.Cu F.Paste F.Mask)
      (net 23 BREV-1))
    (pad 31 smd rect (at -1.25 -2.4 45) (size 0.7 0.25) (layers F.Cu F.Paste F.Mask)
      (net 28 /boot))
    (pad 32 smd rect (at -1.75 -2.4 45) (size 0.7 0.25) (layers F.Cu F.Paste F.Mask)
      (net 2 GND))
    (pad 33 smd rect (at 0.8625 0.8625 315) (size 1.725 1.725) (layers F.Cu F.Paste F.Mask)
      (net 2 GND) (solder_paste_margin_ratio -0.2))
    (pad 33 smd rect (at 0.8625 -0.8625 315) (size 1.725 1.725) (layers F.Cu F.Paste F.Mask)
      (net 2 GND) (solder_paste_margin_ratio -0.2))
    (pad 33 smd rect (at -0.8625 0.8625 315) (size 1.725 1.725) (layers F.Cu F.Paste F.Mask)
      (net 2 GND) (solder_paste_margin_ratio -0.2))
    (pad 33 smd rect (at -0.8625 -0.8625 315) (size 1.725 1.725) (layers F.Cu F.Paste F.Mask)
      (net 2 GND) (solder_paste_margin_ratio -0.2))
    (model Housings_DFN_QFN.3dshapes/QFN-32-1EP_5x5mm_Pitch0.5mm.wrl
      (at (xyz 0 0 0))
      (scale (xyz 1 1 1))
      (rotate (xyz 0 0 0))
    )
  )

  (module Resistors_SMD:R_0402 (layer F.Cu) (tedit 58CEBBBC) (tstamp 58CE1E0E)
    (at 86.868 156.406 270)
    (descr "Resistor SMD 0402, reflow soldering, Vishay (see dcrcw.pdf)")
    (tags "resistor 0402")
    (path /58C8D940)
    (attr smd)
    (fp_text reference R5 (at 1.6 0 90) (layer F.SilkS)
      (effects (font (size 0.5 0.5) (thickness 0.075)))
    )
    (fp_text value 330R (at 0 1.8 270) (layer F.Fab)
      (effects (font (size 1 1) (thickness 0.15)))
    )
    (fp_line (start -0.95 -0.65) (end 0.95 -0.65) (layer F.CrtYd) (width 0.05))
    (fp_line (start -0.95 0.65) (end 0.95 0.65) (layer F.CrtYd) (width 0.05))
    (fp_line (start -0.95 -0.65) (end -0.95 0.65) (layer F.CrtYd) (width 0.05))
    (fp_line (start 0.95 -0.65) (end 0.95 0.65) (layer F.CrtYd) (width 0.05))
    (fp_line (start 0.25 -0.525) (end -0.25 -0.525) (layer F.SilkS) (width 0.15))
    (fp_line (start -0.25 0.525) (end 0.25 0.525) (layer F.SilkS) (width 0.15))
    (pad 1 smd rect (at -0.45 0 270) (size 0.4 0.6) (layers F.Cu F.Paste F.Mask)
      (net 3 +3V3))
    (pad 2 smd rect (at 0.45 0 270) (size 0.4 0.6) (layers F.Cu F.Paste F.Mask)
      (net 8 "Net-(D2-Pad2)"))
    (model Resistors_SMD.3dshapes/R_0402.wrl
      (at (xyz 0 0 0))
      (scale (xyz 1 1 1))
      (rotate (xyz 0 0 0))
    )
  )

  (module Capacitors_SMD:C_0402 (layer F.Cu) (tedit 58CEBC99) (tstamp 58CE1D7C)
    (at 104.14 148.336 270)
    (descr "Capacitor SMD 0402, reflow soldering, AVX (see smccp.pdf)")
    (tags "capacitor 0402")
    (path /5A7FA8F5)
    (attr smd)
    (fp_text reference C8 (at -1.524 -0.254 270) (layer F.SilkS)
      (effects (font (size 0.5 0.5) (thickness 0.075)))
    )
    (fp_text value "1 uF" (at 0 1.7 270) (layer F.Fab)
      (effects (font (size 1 1) (thickness 0.15)))
    )
    (fp_line (start -1.15 -0.6) (end 1.15 -0.6) (layer F.CrtYd) (width 0.05))
    (fp_line (start -1.15 0.6) (end 1.15 0.6) (layer F.CrtYd) (width 0.05))
    (fp_line (start -1.15 -0.6) (end -1.15 0.6) (layer F.CrtYd) (width 0.05))
    (fp_line (start 1.15 -0.6) (end 1.15 0.6) (layer F.CrtYd) (width 0.05))
    (fp_line (start 0.25 -0.475) (end -0.25 -0.475) (layer F.SilkS) (width 0.15))
    (fp_line (start -0.25 0.475) (end 0.25 0.475) (layer F.SilkS) (width 0.15))
    (pad 1 smd rect (at -0.55 0 270) (size 0.6 0.5) (layers F.Cu F.Paste F.Mask)
      (net 6 +5V))
    (pad 2 smd rect (at 0.55 0 270) (size 0.6 0.5) (layers F.Cu F.Paste F.Mask)
      (net 2 GND))
    (model Capacitors_SMD.3dshapes/C_0402.wrl
      (at (xyz 0 0 0))
      (scale (xyz 1 1 1))
      (rotate (xyz 0 0 0))
    )
  )

  (module Buttons_Switches_SMD:SW_SPST_B3SL-1002P (layer B.Cu) (tedit 58D7E4BE) (tstamp 58CDE731)
    (at 73.7 143.5)
    (descr "Middle Stroke Tactile Switch, B3SL")
    (tags "Middle Stroke Tactile Switch")
    (path /58C8D3DE)
    (attr smd)
    (fp_text reference SW2 (at 5 -2.95 90) (layer B.SilkS)
      (effects (font (size 0.5 0.5) (thickness 0.075)) (justify mirror))
    )
    (fp_text value MAIN (at -0.1 0) (layer B.Fab)
      (effects (font (size 1 1) (thickness 0.15)) (justify mirror))
    )
    (fp_circle (center 0 0) (end 1.25 0) (layer B.SilkS) (width 0.15))
    (fp_line (start -4.5 -3.65) (end 4.5 -3.65) (layer B.CrtYd) (width 0.05))
    (fp_line (start 4.5 -3.65) (end 4.5 3.65) (layer B.CrtYd) (width 0.05))
    (fp_line (start 4.5 3.65) (end -4.5 3.65) (layer B.CrtYd) (width 0.05))
    (fp_line (start -4.5 3.65) (end -4.5 -3.65) (layer B.CrtYd) (width 0.05))
    (fp_line (start 3.25 -2.75) (end 3.25 -3.4) (layer B.SilkS) (width 0.15))
    (fp_line (start 3.25 -3.4) (end -3.25 -3.4) (layer B.SilkS) (width 0.15))
    (fp_line (start -3.25 -3.4) (end -3.25 -2.75) (layer B.SilkS) (width 0.15))
    (fp_line (start 3.25 2.75) (end 3.25 3.4) (layer B.SilkS) (width 0.15))
    (fp_line (start 3.25 3.4) (end -3.25 3.4) (layer B.SilkS) (width 0.15))
    (fp_line (start -3.25 3.4) (end -3.25 2.75) (layer B.SilkS) (width 0.15))
    (fp_line (start 3.25 1.25) (end 3.25 -1.25) (layer B.SilkS) (width 0.15))
    (fp_line (start -3.25 1.25) (end -3.25 -1.25) (layer B.SilkS) (width 0.15))
    (fp_line (start -3.1 3.25) (end 3.1 3.25) (layer B.Fab) (width 0.15))
    (fp_line (start 3.1 3.25) (end 3.1 -3.25) (layer B.Fab) (width 0.15))
    (fp_line (start 3.1 -3.25) (end -3.1 -3.25) (layer B.Fab) (width 0.15))
    (fp_line (start -3.1 -3.25) (end -3.1 3.25) (layer B.Fab) (width 0.15))
    (pad 1 smd rect (at -2.875 2) (size 2.75 1) (layers B.Cu B.Paste B.Mask)
      (net 2 GND))
    (pad 1 smd rect (at 2.875 2) (size 2.75 1) (layers B.Cu B.Paste B.Mask)
      (net 2 GND))
    (pad 2 smd rect (at 2.875 -2) (size 2.75 1) (layers B.Cu B.Paste B.Mask)
      (net 4 BTN_MAIN))
    (pad 2 smd rect (at -2.875 -2) (size 2.75 1) (layers B.Cu B.Paste B.Mask)
      (net 4 BTN_MAIN))
  )

  (module Buttons_Switches_ThroughHole:SW_Tactile_SPST_Angled (layer F.Cu) (tedit 58CEBB6B) (tstamp 58CDE739)
    (at 64.7 149.45 180)
    (descr "tactile switch SPST right angle, 1825027-2")
    (tags "tactile switch SPST angled 1825027-2")
    (path /58C8D416)
    (fp_text reference SW3 (at -1.7 4.15 180) (layer F.SilkS)
      (effects (font (size 0.5 0.5) (thickness 0.075)))
    )
    (fp_text value AUX (at 2.2 4.45 180) (layer F.Fab)
      (effects (font (size 1 1) (thickness 0.15)))
    )
    (fp_line (start -2.5 -1.5) (end 7.05 -1.5) (layer F.CrtYd) (width 0.05))
    (fp_line (start 7.05 -1.5) (end 7.05 3.8) (layer F.CrtYd) (width 0.05))
    (fp_line (start 7.05 3.8) (end -2.5 3.8) (layer F.CrtYd) (width 0.05))
    (fp_line (start -2.5 3.8) (end -2.5 -1.5) (layer F.CrtYd) (width 0.05))
    (fp_line (start -1.397 -1.27) (end 5.9 -1.27) (layer F.SilkS) (width 0.15))
    (fp_line (start 5.9 -1.27) (end 5.9 1.3) (layer F.SilkS) (width 0.15))
    (fp_line (start 0 3.03) (end 4.5 3.03) (layer F.SilkS) (width 0.15))
    (fp_line (start -1.397 -1.27) (end -1.397 1.3) (layer F.SilkS) (width 0.15))
    (pad "" thru_hole circle (at 5.76 2.49 180) (size 2.1 2.1) (drill 1.3) (layers *.Cu *.Mask F.SilkS))
    (pad 2 thru_hole circle (at 4.5 0 180) (size 1.75 1.75) (drill 0.99) (layers *.Cu *.Mask F.SilkS)
      (net 5 BTN_AUX))
    (pad 1 thru_hole circle (at 0 0 180) (size 1.75 1.75) (drill 0.99) (layers *.Cu *.Mask F.SilkS)
      (net 2 GND))
    (pad "" thru_hole circle (at -1.25 2.49 180) (size 2.1 2.1) (drill 1.3) (layers *.Cu *.Mask F.SilkS))
    (model Buttons_Switches_ThroughHole.3dshapes/SW_Tactile_SPST_Angled.wrl
      (at (xyz 0.09 0.1 0.1575))
      (scale (xyz 0.39 0.39 0.39))
      (rotate (xyz -90 0 180))
    )
  )

  (module TylerCustom:CL-SB-13B-01 (layer F.Cu) (tedit 58D210C6) (tstamp 58CDE74B)
    (at 74.2 143.7)
    (path /58C8D445)
    (fp_text reference SW4 (at 6.5 -1.7 90) (layer F.SilkS)
      (effects (font (size 0.5 0.5) (thickness 0.075)))
    )
    (fp_text value MODE_SEL (at 0.7 0) (layer F.Fab)
      (effects (font (size 1 1) (thickness 0.15)))
    )
    (fp_line (start -6 2.5) (end 6 2.5) (layer F.SilkS) (width 0.15))
    (fp_line (start 6 2.5) (end 6 -2.5) (layer F.SilkS) (width 0.15))
    (fp_line (start 6 -2.5) (end -6 -2.5) (layer F.SilkS) (width 0.15))
    (fp_line (start -6 -2.5) (end -6 2.5) (layer F.SilkS) (width 0.15))
    (fp_line (start -2.7 1.5) (end 2.8 1.5) (layer F.SilkS) (width 0.15))
    (fp_line (start 2.8 1.5) (end 2.8 -1.5) (layer F.SilkS) (width 0.15))
    (fp_line (start 2.8 -1.5) (end -2.7 -1.5) (layer F.SilkS) (width 0.15))
    (fp_line (start -2.7 -1.5) (end -2.7 1.5) (layer F.SilkS) (width 0.15))
    (pad 2 smd rect (at -2 2.5) (size 0.7 1) (layers F.Cu F.Paste F.Mask)
      (net 12 MODE_1))
    (pad 1 smd rect (at -4 -2.5) (size 0.7 1) (layers F.Cu F.Paste F.Mask)
      (net 13 MODE_0))
    (pad 3 smd rect (at 2 2.5) (size 0.7 1) (layers F.Cu F.Paste F.Mask)
      (net 2 GND))
    (pad 4 smd rect (at 4 -2.5) (size 0.7 1) (layers F.Cu F.Paste F.Mask)
      (net 11 MODE_2))
    (pad "" np_thru_hole circle (at 5 0) (size 0.9 0.9) (drill 0.9) (layers *.Cu *.Mask))
    (pad "" np_thru_hole circle (at -3 0) (size 0.9 0.9) (drill 0.9) (layers *.Cu *.Mask))
  )

  (module Capacitors_SMD:C_0402 (layer F.Cu) (tedit 58D7258E) (tstamp 58CE1D59)
    (at 58.125 142.95 270)
    (descr "Capacitor SMD 0402, reflow soldering, AVX (see smccp.pdf)")
    (tags "capacitor 0402")
    (path /5A7FF315)
    (attr smd)
    (fp_text reference C1 (at 1.62 0.025 270) (layer F.SilkS)
      (effects (font (size 0.5 0.5) (thickness 0.075)))
    )
    (fp_text value "10 nF" (at 0 1.7 270) (layer F.Fab)
      (effects (font (size 1 1) (thickness 0.15)))
    )
    (fp_line (start -0.25 0.475) (end 0.25 0.475) (layer F.SilkS) (width 0.15))
    (fp_line (start 0.25 -0.475) (end -0.25 -0.475) (layer F.SilkS) (width 0.15))
    (fp_line (start 1.15 -0.6) (end 1.15 0.6) (layer F.CrtYd) (width 0.05))
    (fp_line (start -1.15 -0.6) (end -1.15 0.6) (layer F.CrtYd) (width 0.05))
    (fp_line (start -1.15 0.6) (end 1.15 0.6) (layer F.CrtYd) (width 0.05))
    (fp_line (start -1.15 -0.6) (end 1.15 -0.6) (layer F.CrtYd) (width 0.05))
    (pad 2 smd rect (at 0.55 0 270) (size 0.6 0.5) (layers F.Cu F.Paste F.Mask)
      (net 2 GND))
    (pad 1 smd rect (at -0.55 0 270) (size 0.6 0.5) (layers F.Cu F.Paste F.Mask)
      (net 21 +3.3VA))
    (model Capacitors_SMD.3dshapes/C_0402.wrl
      (at (xyz 0 0 0))
      (scale (xyz 1 1 1))
      (rotate (xyz 0 0 0))
    )
  )

  (module Capacitors_SMD:C_0402 (layer F.Cu) (tedit 58D20B62) (tstamp 58CE1D5E)
    (at 52 141 180)
    (descr "Capacitor SMD 0402, reflow soldering, AVX (see smccp.pdf)")
    (tags "capacitor 0402")
    (path /5A7FEF7A)
    (attr smd)
    (fp_text reference C2 (at 0.07 0.83 180) (layer F.SilkS)
      (effects (font (size 0.5 0.5) (thickness 0.075)))
    )
    (fp_text value "0.1 uF" (at 0.8 1.4 180) (layer F.Fab)
      (effects (font (size 1 1) (thickness 0.15)))
    )
    (fp_line (start -0.25 0.475) (end 0.25 0.475) (layer F.SilkS) (width 0.15))
    (fp_line (start 0.25 -0.475) (end -0.25 -0.475) (layer F.SilkS) (width 0.15))
    (fp_line (start 1.15 -0.6) (end 1.15 0.6) (layer F.CrtYd) (width 0.05))
    (fp_line (start -1.15 -0.6) (end -1.15 0.6) (layer F.CrtYd) (width 0.05))
    (fp_line (start -1.15 0.6) (end 1.15 0.6) (layer F.CrtYd) (width 0.05))
    (fp_line (start -1.15 -0.6) (end 1.15 -0.6) (layer F.CrtYd) (width 0.05))
    (pad 2 smd rect (at 0.55 0 180) (size 0.6 0.5) (layers F.Cu F.Paste F.Mask)
      (net 2 GND))
    (pad 1 smd rect (at -0.55 0 180) (size 0.6 0.5) (layers F.Cu F.Paste F.Mask)
      (net 21 +3.3VA))
    (model Capacitors_SMD.3dshapes/C_0402.wrl
      (at (xyz 0 0 0))
      (scale (xyz 1 1 1))
      (rotate (xyz 0 0 0))
    )
  )

  (module Capacitors_SMD:C_0402 (layer F.Cu) (tedit 58CEBBC7) (tstamp 58CE1D63)
    (at 57.575 140.85)
    (descr "Capacitor SMD 0402, reflow soldering, AVX (see smccp.pdf)")
    (tags "capacitor 0402")
    (path /5A7FD78B)
    (attr smd)
    (fp_text reference C3 (at -0.575 -0.9) (layer F.SilkS)
      (effects (font (size 0.5 0.5) (thickness 0.075)))
    )
    (fp_text value "10 nF" (at 0 1.7) (layer F.Fab)
      (effects (font (size 1 1) (thickness 0.15)))
    )
    (fp_line (start -0.25 0.475) (end 0.25 0.475) (layer F.SilkS) (width 0.15))
    (fp_line (start 0.25 -0.475) (end -0.25 -0.475) (layer F.SilkS) (width 0.15))
    (fp_line (start 1.15 -0.6) (end 1.15 0.6) (layer F.CrtYd) (width 0.05))
    (fp_line (start -1.15 -0.6) (end -1.15 0.6) (layer F.CrtYd) (width 0.05))
    (fp_line (start -1.15 0.6) (end 1.15 0.6) (layer F.CrtYd) (width 0.05))
    (fp_line (start -1.15 -0.6) (end 1.15 -0.6) (layer F.CrtYd) (width 0.05))
    (pad 2 smd rect (at 0.55 0) (size 0.6 0.5) (layers F.Cu F.Paste F.Mask)
      (net 2 GND))
    (pad 1 smd rect (at -0.55 0) (size 0.6 0.5) (layers F.Cu F.Paste F.Mask)
      (net 22 "Net-(C3-Pad1)"))
    (model Capacitors_SMD.3dshapes/C_0402.wrl
      (at (xyz 0 0 0))
      (scale (xyz 1 1 1))
      (rotate (xyz 0 0 0))
    )
  )

  (module Capacitors_SMD:C_0402 (layer F.Cu) (tedit 58D7E3E7) (tstamp 58CE1D68)
    (at 56.35 145.625 180)
    (descr "Capacitor SMD 0402, reflow soldering, AVX (see smccp.pdf)")
    (tags "capacitor 0402")
    (path /5A7FD40D)
    (attr smd)
    (fp_text reference C4 (at -0.05 -0.975 180) (layer F.SilkS)
      (effects (font (size 0.5 0.5) (thickness 0.075)))
    )
    (fp_text value "0.1 uF" (at 0 1.7 180) (layer F.Fab)
      (effects (font (size 1 1) (thickness 0.15)))
    )
    (fp_line (start -1.15 -0.6) (end 1.15 -0.6) (layer F.CrtYd) (width 0.05))
    (fp_line (start -1.15 0.6) (end 1.15 0.6) (layer F.CrtYd) (width 0.05))
    (fp_line (start -1.15 -0.6) (end -1.15 0.6) (layer F.CrtYd) (width 0.05))
    (fp_line (start 1.15 -0.6) (end 1.15 0.6) (layer F.CrtYd) (width 0.05))
    (fp_line (start 0.25 -0.475) (end -0.25 -0.475) (layer F.SilkS) (width 0.15))
    (fp_line (start -0.25 0.475) (end 0.25 0.475) (layer F.SilkS) (width 0.15))
    (pad 1 smd rect (at -0.55 0 180) (size 0.6 0.5) (layers F.Cu F.Paste F.Mask)
      (net 20 "Net-(C4-Pad1)"))
    (pad 2 smd rect (at 0.55 0 180) (size 0.6 0.5) (layers F.Cu F.Paste F.Mask)
      (net 2 GND))
    (model Capacitors_SMD.3dshapes/C_0402.wrl
      (at (xyz 0 0 0))
      (scale (xyz 1 1 1))
      (rotate (xyz 0 0 0))
    )
  )

  (module Capacitors_SMD:C_0402 (layer B.Cu) (tedit 58D4A1CF) (tstamp 58CE1D6D)
    (at 92 141.95 270)
    (descr "Capacitor SMD 0402, reflow soldering, AVX (see smccp.pdf)")
    (tags "capacitor 0402")
    (path /58CA7843)
    (attr smd)
    (fp_text reference C5 (at -0.025 -1 270) (layer B.SilkS)
      (effects (font (size 0.5 0.5) (thickness 0.075)) (justify mirror))
    )
    (fp_text value "4.7 uF" (at 0 -1.7 270) (layer B.Fab)
      (effects (font (size 1 1) (thickness 0.15)) (justify mirror))
    )
    (fp_line (start -0.25 -0.475) (end 0.25 -0.475) (layer B.SilkS) (width 0.15))
    (fp_line (start 0.25 0.475) (end -0.25 0.475) (layer B.SilkS) (width 0.15))
    (fp_line (start 1.15 0.6) (end 1.15 -0.6) (layer B.CrtYd) (width 0.05))
    (fp_line (start -1.15 0.6) (end -1.15 -0.6) (layer B.CrtYd) (width 0.05))
    (fp_line (start -1.15 -0.6) (end 1.15 -0.6) (layer B.CrtYd) (width 0.05))
    (fp_line (start -1.15 0.6) (end 1.15 0.6) (layer B.CrtYd) (width 0.05))
    (pad 2 smd rect (at 0.55 0 270) (size 0.6 0.5) (layers B.Cu B.Paste B.Mask)
      (net 2 GND))
    (pad 1 smd rect (at -0.55 0 270) (size 0.6 0.5) (layers B.Cu B.Paste B.Mask)
      (net 3 +3V3))
    (model Capacitors_SMD.3dshapes/C_0402.wrl
      (at (xyz 0 0 0))
      (scale (xyz 1 1 1))
      (rotate (xyz 0 0 0))
    )
  )

  (module Capacitors_SMD:C_0402 (layer F.Cu) (tedit 58D4A1C4) (tstamp 58CE1D72)
    (at 94.7 157.48 180)
    (descr "Capacitor SMD 0402, reflow soldering, AVX (see smccp.pdf)")
    (tags "capacitor 0402")
    (path /58CA78D8)
    (attr smd)
    (fp_text reference C6 (at 0 -1 180) (layer F.SilkS)
      (effects (font (size 0.5 0.5) (thickness 0.075)))
    )
    (fp_text value "0.1 uF" (at 0 1.7 180) (layer F.Fab)
      (effects (font (size 1 1) (thickness 0.15)))
    )
    (fp_line (start -1.15 -0.6) (end 1.15 -0.6) (layer F.CrtYd) (width 0.05))
    (fp_line (start -1.15 0.6) (end 1.15 0.6) (layer F.CrtYd) (width 0.05))
    (fp_line (start -1.15 -0.6) (end -1.15 0.6) (layer F.CrtYd) (width 0.05))
    (fp_line (start 1.15 -0.6) (end 1.15 0.6) (layer F.CrtYd) (width 0.05))
    (fp_line (start 0.25 -0.475) (end -0.25 -0.475) (layer F.SilkS) (width 0.15))
    (fp_line (start -0.25 0.475) (end 0.25 0.475) (layer F.SilkS) (width 0.15))
    (pad 1 smd rect (at -0.55 0 180) (size 0.6 0.5) (layers F.Cu F.Paste F.Mask)
      (net 3 +3V3))
    (pad 2 smd rect (at 0.55 0 180) (size 0.6 0.5) (layers F.Cu F.Paste F.Mask)
      (net 2 GND))
    (model Capacitors_SMD.3dshapes/C_0402.wrl
      (at (xyz 0 0 0))
      (scale (xyz 1 1 1))
      (rotate (xyz 0 0 0))
    )
  )

  (module Capacitors_SMD:C_0402 (layer B.Cu) (tedit 58D4A1B9) (tstamp 58CE1D77)
    (at 90.8 141.95 270)
    (descr "Capacitor SMD 0402, reflow soldering, AVX (see smccp.pdf)")
    (tags "capacitor 0402")
    (path /58CA7B83)
    (attr smd)
    (fp_text reference C7 (at -0.025 0.95 270) (layer B.SilkS)
      (effects (font (size 0.5 0.5) (thickness 0.075)) (justify mirror))
    )
    (fp_text value "1 uF" (at 0 -1.7 270) (layer B.Fab)
      (effects (font (size 1 1) (thickness 0.15)) (justify mirror))
    )
    (fp_line (start -0.25 -0.475) (end 0.25 -0.475) (layer B.SilkS) (width 0.15))
    (fp_line (start 0.25 0.475) (end -0.25 0.475) (layer B.SilkS) (width 0.15))
    (fp_line (start 1.15 0.6) (end 1.15 -0.6) (layer B.CrtYd) (width 0.05))
    (fp_line (start -1.15 0.6) (end -1.15 -0.6) (layer B.CrtYd) (width 0.05))
    (fp_line (start -1.15 -0.6) (end 1.15 -0.6) (layer B.CrtYd) (width 0.05))
    (fp_line (start -1.15 0.6) (end 1.15 0.6) (layer B.CrtYd) (width 0.05))
    (pad 2 smd rect (at 0.55 0 270) (size 0.6 0.5) (layers B.Cu B.Paste B.Mask)
      (net 2 GND))
    (pad 1 smd rect (at -0.55 0 270) (size 0.6 0.5) (layers B.Cu B.Paste B.Mask)
      (net 3 +3V3))
    (model Capacitors_SMD.3dshapes/C_0402.wrl
      (at (xyz 0 0 0))
      (scale (xyz 1 1 1))
      (rotate (xyz 0 0 0))
    )
  )

  (module Capacitors_SMD:C_0402 (layer F.Cu) (tedit 58D4A1E8) (tstamp 58CE1D81)
    (at 105.918 135.89 180)
    (descr "Capacitor SMD 0402, reflow soldering, AVX (see smccp.pdf)")
    (tags "capacitor 0402")
    (path /5A7FA8EF)
    (attr smd)
    (fp_text reference C9 (at 1 0.9 180) (layer F.SilkS)
      (effects (font (size 0.5 0.5) (thickness 0.075)))
    )
    (fp_text value "1 uF" (at 0 1.7 180) (layer F.Fab)
      (effects (font (size 1 1) (thickness 0.15)))
    )
    (fp_line (start -1.15 -0.6) (end 1.15 -0.6) (layer F.CrtYd) (width 0.05))
    (fp_line (start -1.15 0.6) (end 1.15 0.6) (layer F.CrtYd) (width 0.05))
    (fp_line (start -1.15 -0.6) (end -1.15 0.6) (layer F.CrtYd) (width 0.05))
    (fp_line (start 1.15 -0.6) (end 1.15 0.6) (layer F.CrtYd) (width 0.05))
    (fp_line (start 0.25 -0.475) (end -0.25 -0.475) (layer F.SilkS) (width 0.15))
    (fp_line (start -0.25 0.475) (end 0.25 0.475) (layer F.SilkS) (width 0.15))
    (pad 1 smd rect (at -0.55 0 180) (size 0.6 0.5) (layers F.Cu F.Paste F.Mask)
      (net 21 +3.3VA))
    (pad 2 smd rect (at 0.55 0 180) (size 0.6 0.5) (layers F.Cu F.Paste F.Mask)
      (net 2 GND))
    (model Capacitors_SMD.3dshapes/C_0402.wrl
      (at (xyz 0 0 0))
      (scale (xyz 1 1 1))
      (rotate (xyz 0 0 0))
    )
  )

  (module Capacitors_SMD:C_0402 (layer B.Cu) (tedit 58D4A1EF) (tstamp 58CE1D86)
    (at 103.844 155.448)
    (descr "Capacitor SMD 0402, reflow soldering, AVX (see smccp.pdf)")
    (tags "capacitor 0402")
    (path /58CE08B2)
    (attr smd)
    (fp_text reference C10 (at -1.95 0.225 180) (layer B.SilkS)
      (effects (font (size 0.5 0.5) (thickness 0.075)) (justify mirror))
    )
    (fp_text value "1 uF" (at 0 -1.7) (layer B.Fab)
      (effects (font (size 1 1) (thickness 0.15)) (justify mirror))
    )
    (fp_line (start -0.25 -0.475) (end 0.25 -0.475) (layer B.SilkS) (width 0.15))
    (fp_line (start 0.25 0.475) (end -0.25 0.475) (layer B.SilkS) (width 0.15))
    (fp_line (start 1.15 0.6) (end 1.15 -0.6) (layer B.CrtYd) (width 0.05))
    (fp_line (start -1.15 0.6) (end -1.15 -0.6) (layer B.CrtYd) (width 0.05))
    (fp_line (start -1.15 -0.6) (end 1.15 -0.6) (layer B.CrtYd) (width 0.05))
    (fp_line (start -1.15 0.6) (end 1.15 0.6) (layer B.CrtYd) (width 0.05))
    (pad 2 smd rect (at 0.55 0) (size 0.6 0.5) (layers B.Cu B.Paste B.Mask)
      (net 2 GND))
    (pad 1 smd rect (at -0.55 0) (size 0.6 0.5) (layers B.Cu B.Paste B.Mask)
      (net 3 +3V3))
    (model Capacitors_SMD.3dshapes/C_0402.wrl
      (at (xyz 0 0 0))
      (scale (xyz 1 1 1))
      (rotate (xyz 0 0 0))
    )
  )

  (module LEDs:LED_0402 (layer F.Cu) (tedit 58CED9A5) (tstamp 58CE1DCA)
    (at 88.392 156.406 270)
    (descr "LED 0402 smd package")
    (tags "LED led 0402 SMD smd SMT smt smdled SMDLED smtled SMTLED")
    (path /58C8D8C6)
    (attr smd)
    (fp_text reference D2 (at 1.6 0 270) (layer F.SilkS)
      (effects (font (size 0.5 0.5) (thickness 0.075)))
    )
    (fp_text value LED0 (at 0 1.8 270) (layer F.Fab)
      (effects (font (size 1 1) (thickness 0.15)))
    )
    (fp_line (start -0.1 0) (end 0.1 0.25) (layer F.SilkS) (width 0.15))
    (fp_line (start 0.1 -0.25) (end -0.1 0) (layer F.SilkS) (width 0.15))
    (fp_line (start -0.95 -0.65) (end 0.95 -0.65) (layer F.CrtYd) (width 0.05))
    (fp_line (start -0.95 0.65) (end 0.95 0.65) (layer F.CrtYd) (width 0.05))
    (fp_line (start -0.95 -0.65) (end -0.95 0.65) (layer F.CrtYd) (width 0.05))
    (fp_line (start 0.95 -0.65) (end 0.95 0.65) (layer F.CrtYd) (width 0.05))
    (fp_line (start 0.25 -0.525) (end -0.8 -0.525) (layer F.SilkS) (width 0.15))
    (fp_line (start 0.25 0.525) (end -0.8 0.525) (layer F.SilkS) (width 0.15))
    (pad 1 smd rect (at -0.45 0 270) (size 0.4 0.6) (layers F.Cu F.Paste F.Mask)
      (net 7 LED0))
    (pad 2 smd rect (at 0.45 0 270) (size 0.4 0.6) (layers F.Cu F.Paste F.Mask)
      (net 8 "Net-(D2-Pad2)"))
    (model LEDs.3dshapes/LED_0402.wrl
      (at (xyz 0 0 0))
      (scale (xyz 1 1 1))
      (rotate (xyz 0 0 180))
    )
  )

  (module LEDs:LED_0402 (layer F.Cu) (tedit 58CED9AD) (tstamp 58CE1DCF)
    (at 89.916 156.464 270)
    (descr "LED 0402 smd package")
    (tags "LED led 0402 SMD smd SMT smt smdled SMDLED smtled SMTLED")
    (path /58C8D90A)
    (attr smd)
    (fp_text reference D3 (at 1.6 0 270) (layer F.SilkS)
      (effects (font (size 0.5 0.5) (thickness 0.075)))
    )
    (fp_text value LED1 (at 0 1.8 270) (layer F.Fab)
      (effects (font (size 1 1) (thickness 0.15)))
    )
    (fp_line (start 0.25 0.525) (end -0.8 0.525) (layer F.SilkS) (width 0.15))
    (fp_line (start 0.25 -0.525) (end -0.8 -0.525) (layer F.SilkS) (width 0.15))
    (fp_line (start 0.95 -0.65) (end 0.95 0.65) (layer F.CrtYd) (width 0.05))
    (fp_line (start -0.95 -0.65) (end -0.95 0.65) (layer F.CrtYd) (width 0.05))
    (fp_line (start -0.95 0.65) (end 0.95 0.65) (layer F.CrtYd) (width 0.05))
    (fp_line (start -0.95 -0.65) (end 0.95 -0.65) (layer F.CrtYd) (width 0.05))
    (fp_line (start 0.1 -0.25) (end -0.1 0) (layer F.SilkS) (width 0.15))
    (fp_line (start -0.1 0) (end 0.1 0.25) (layer F.SilkS) (width 0.15))
    (pad 2 smd rect (at 0.45 0 270) (size 0.4 0.6) (layers F.Cu F.Paste F.Mask)
      (net 9 "Net-(D3-Pad2)"))
    (pad 1 smd rect (at -0.45 0 270) (size 0.4 0.6) (layers F.Cu F.Paste F.Mask)
      (net 10 LED1))
    (model LEDs.3dshapes/LED_0402.wrl
